600416917;600416920;209;
600935648;600935650;203;
601065065;601065066;243;
601136592;601136594;279;
601178611;601178614;277;
601343027;601343028;294;
601460631;601460632;279;
601469874;601469876;285;
601492856;601492861;201;
601660392;601660393;230;
601822830;601822832;262;
602532959;602532964;243;
603164143;603164147;227;
603280970;603280973;220;
603475309;603475312;289;
603682265;603682266;292;
603787666;603787667;299;
604300755;604300758;288;
604596650;604596654;252;
605003229;605003231;235;
605031260;605031265;248;
605463732;605463736;280;
605601372;605601376;208;
605613942;605613946;211;
605637089;605637091;267;
605662096;605662101;287;
605798281;605798286;215;
606024730;606024734;271;
606042061;606042066;202;
606286749;606286753;234;
606296717;606296722;280;
606327080;606327082;228;
606648837;606648841;255;
606990804;606990809;249;
607042187;607042191;249;
607305846;607305848;275;
607307460;607307461;223;
608015493;608015494;287;
608097269;608097270;218;
608395306;608395310;297;
608618245;608618250;248;
608708056;608708058;266;
608920988;608920989;228;
608937379;608937381;265;
609140004;609140005;247;
609152379;609152381;225;
609381810;609381812;269;
609481014;609481017;255;
609495889;609495893;300;
609563245;609563247;290;
609586046;609586047;263;
609603053;609603056;268;
609606571;609606572;205;
609919461;609919462;237;
610196364;610196368;210;
610252522;610252526;209;
610318911;610318916;280;
610357452;610357454;264;
610560026;610560029;256;
610572775;610572779;235;
610710206;610710209;214;
610711215;610711220;298;
610960522;610960523;202;
610993710;610993715;243;
611145416;611145419;205;
611790259;611790263;211;
611885639;611885642;266;
612059737;612059742;216;
612574221;612574223;201;
612582106;612582110;274;
612609340;612609345;226;
612978955;612978957;264;
613111648;613111651;279;
613160116;613160119;214;
614028135;614028137;268;
614074042;614074046;299;
614080988;614080989;263;
614237694;614237696;290;
614326890;614326891;243;
614348553;614348556;232;
614378666;614378670;227;
614395875;614395877;218;
614530860;614530865;248;
614767741;614767746;248;
614783711;614783714;224;
614817710;614817712;267;
615092534;615092539;214;
615169999;615170002;262;
615208777;615208778;267;
615209744;615209745;270;
615454433;615454438;221;
615552757;615552760;225;
615786407;615786408;249;
615821677;615821681;248;
615903922;615903926;275;
616200019;616200020;250;
616407057;616407062;207;
616568327;616568330;286;
616820265;616820267;203;
616822187;616822190;246;
616952840;616952844;262;
616954336;616954341;203;
616975618;616975622;258;
617103593;617103594;255;
617353491;617353492;227;
617528350;617528351;260;
617661180;617661185;245;
617752961;617752963;276;
618510513;618510516;287;
618679735;618679736;207;
618787177;618787179;259;
618829331;618829333;207;
619319719;619319721;204;
619354297;619354298;283;
619395008;619395013;257;
619536308;619536310;248;
619817898;619817900;219;
620060380;620060383;241;
620277468;620277472;206;
620550240;620550241;270;
621126016;621126019;231;
621436054;621436059;256;
621793929;621793931;269;
622121866;622121867;252;
622616957;622616962;224;
622923795;622923800;226;
623261252;623261255;256;
623369093;623369094;219;
623667546;623667547;214;
623989422;623989427;236;
624002539;624002542;243;
624101073;624101078;239;
624411694;624411697;297;
625232866;625232871;252;
625443591;625443593;261;
625670634;625670638;284;
625804375;625804380;209;
625874156;625874159;258;
625905027;625905029;247;
626207601;626207603;249;
626450206;626450208;247;
626702955;626702958;257;
626736830;626736835;241;
626797371;626797372;264;
626915554;626915558;288;
626916077;626916079;265;
627018393;627018395;279;
627409337;627409342;279;
627488927;627488928;267;
627736227;627736230;287;
627754650;627754652;260;
627789159;627789161;285;
627873561;627873564;297;
627880260;627880262;270;
628279535;628279537;248;
628768969;628768972;203;
629118445;629118447;220;
629156998;629156999;288;
629248370;629248372;263;
629255521;629255525;201;
629406738;629406743;212;
629463052;629463054;203;
629610754;629610755;256;
629686704;629686707;258;
629959156;629959159;228;
630007157;630007158;244;
630129919;630129922;205;
630584602;630584603;280;
630926538;630926541;225;
631175292;631175297;286;
631237015;631237017;231;
631851017;631851021;280;
632215915;632215917;217;
632221124;632221127;297;
632281124;632281129;230;
632521868;632521870;212;
632585754;632585755;252;
632652375;632652379;228;
632784470;632784472;249;
632913008;632913012;240;
634288808;634288811;225;
634295140;634295141;223;
634575488;634575493;235;
634770118;634770121;202;
634770209;634770211;262;
635077140;635077144;244;
635114912;635114917;232;
635128903;635128905;257;
635268157;635268160;285;
635423415;635423416;221;
635672754;635672758;259;
635675729;635675732;259;
636339764;636339768;271;
636546829;636546834;207;
636845635;636845638;264;
636868672;636868673;271;
637145264;637145268;285;
637188721;637188723;285;
637224023;637224025;272;
637477583;637477588;285;
637533283;637533287;248;
637533704;637533709;280;
638269521;638269523;295;
638366059;638366063;283;
639211876;639211878;227;
639304987;639304989;272;
639883277;639883282;220;
639956526;639956527;243;
639989803;639989808;201;
640050555;640050559;298;
640167985;640167986;215;
640177603;640177607;230;
640238105;640238108;251;
640301400;640301405;268;
640323988;640323992;262;
640348602;640348603;263;
640791066;640791068;298;
640796630;640796634;209;
641025037;641025039;300;
641026486;641026491;207;
641279547;641279548;288;
641362635;641362640;217;
641882224;641882226;205;
641947966;641947968;265;
642133506;642133510;261;
642729070;642729071;285;
642859004;642859005;270;
642979724;642979729;210;
643280421;643280424;274;
643360780;643360784;225;
643386269;643386270;227;
643404485;643404486;293;
643425800;643425803;237;
643670847;643670848;232;
643826001;643826004;296;
643951701;643951705;227;
644006511;644006513;290;
644586332;644586337;246;
644730677;644730680;207;
645280513;645280515;258;
645412783;645412784;208;
645446265;645446269;268;
645550750;645550753;234;
645686632;645686637;255;
646045291;646045296;208;
646800782;646800787;280;
646840813;646840816;263;
646965026;646965031;218;
647597118;647597120;299;
647755195;647755196;202;
647803005;647803006;258;
647992759;647992764;257;
648129807;648129808;222;
648467028;648467033;292;
648631316;648631319;271;
648725474;648725475;252;
649001171;649001175;232;
649174017;649174020;211;
649384660;649384662;223;
649737403;649737406;258;
650169787;650169792;279;
650395116;650395121;227;
650517043;650517048;248;
650597310;650597312;202;
650613400;650613402;284;
650893763;650893764;300;
651083720;651083724;272;
651379079;651379083;203;
651400761;651400762;223;
651575249;651575251;277;
651784353;651784358;212;
651890906;651890909;244;
651914441;651914444;249;
651948820;651948823;266;
652444949;652444950;235;
652514414;652514415;214;
652532515;652532520;260;
652546918;652546923;249;
652603865;652603867;250;
652761176;652761178;289;
653047676;653047678;242;
653817245;653817248;212;
654037138;654037141;212;
654148580;654148581;290;
654303585;654303587;244;
654379244;654379249;257;
654433493;654433498;232;
654625204;654625205;232;
654672164;654672165;299;
654894935;654894937;254;
655313101;655313105;248;
655401025;655401030;208;
655645968;655645972;276;
655695493;655695498;222;
656037665;656037670;250;
656280919;656280920;269;
656466943;656466948;237;
656639792;656639795;299;
657162581;657162582;287;
657388445;657388447;203;
658322227;658322231;237;
658400941;658400943;228;
658997561;658997565;224;
659065181;659065182;275;
659245459;659245464;208;
659329931;659329934;239;
659380640;659380644;265;
659572180;659572185;237;
660318936;660318939;293;
660402141;660402142;223;
660450478;660450481;256;
660975450;660975454;223;
661086436;661086439;257;
661161099;661161102;225;
661162516;661162521;279;
661287287;661287290;245;
661406463;661406468;218;
661628768;661628769;291;
661920402;661920404;256;
661954024;661954027;210;
662062018;662062019;217;
662547793;662547798;209;
662791852;662791857;289;
662975413;662975414;283;
662999466;662999469;260;
663080077;663080082;204;
663176244;663176246;291;
663235445;663235448;282;
663351336;663351339;231;
663362552;663362556;296;
663423946;663423950;212;
663654928;663654930;280;
663783764;663783769;206;
663796006;663796010;230;
663882428;663882431;246;
663895101;663895103;272;
664133605;664133608;284;
664476873;664476875;208;
664783351;664783352;212;
665060106;665060110;238;
665312174;665312176;219;
665719600;665719601;274;
665847020;665847021;215;
665916612;665916613;292;
665970397;665970400;201;
666331490;666331493;266;
666420305;666420308;253;
666556228;666556229;295;
666656777;666656778;214;
666895828;666895831;205;
666946540;666946542;211;
667562061;667562066;226;
667597644;667597648;245;
667647429;667647433;216;
668361952;668361956;211;
668774432;668774433;267;
668959615;668959620;278;
669171864;669171869;277;
669468775;669468780;232;
669575209;669575211;216;
669704762;669704767;228;
670485979;670485983;263;
670975120;670975121;279;
671110800;671110801;265;
671323262;671323264;275;
671405572;671405577;288;
671456982;671456985;208;
671646556;671646561;216;
671929185;671929189;238;
671938657;671938659;237;
671947317;671947318;207;
672116803;672116807;292;
672237369;672237373;237;
672517047;672517052;244;
672592616;672592619;295;
672757165;672757166;221;
673450266;673450267;218;
674679991;674679992;296;
674739709;674739710;243;
674765576;674765578;242;
674985200;674985201;221;
675010187;675010191;212;
675059180;675059184;221;
676010821;676010826;236;
676100429;676100434;262;
676314436;676314441;279;
676349632;676349636;274;
676382062;676382064;273;
676716248;676716249;227;
677103503;677103504;201;
678151033;678151038;224;
678209802;678209805;202;
678228280;678228282;208;
678266503;678266506;271;
679153930;679153933;274;
679177934;679177935;287;
679209130;679209131;278;
679214833;679214834;277;
679307446;679307451;286;
679429750;679429751;207;
680053867;680053870;276;
680155226;680155231;219;
680244144;680244146;297;
680268107;680268109;218;
680340089;680340093;255;
680874844;680874848;298;
681176409;681176413;287;
681261748;681261750;228;
681712056;681712057;273;
681758860;681758861;252;
682035140;682035143;219;
682070402;682070404;229;
682262573;682262577;223;
682313996;682314000;223;
682393706;682393711;205;
682623439;682623442;294;
682626438;682626441;278;
682701013;682701014;221;
682815460;682815465;246;
683082573;683082574;266;
683107316;683107319;292;
683167627;683167631;223;
683549685;683549689;284;
683616796;683616800;208;
683635726;683635728;210;
683650257;683650258;281;
683719972;683719977;284;
683734266;683734267;251;
683809370;683809374;258;
684498335;684498336;232;
684512522;684512525;244;
684589479;684589484;256;
685156882;685156887;278;
685355984;685355989;253;
685398891;685398896;279;
685421372;685421376;286;
686024192;686024194;294;
686260325;686260327;283;
686476213;686476214;265;
686570366;686570368;216;
686768183;686768184;273;
686769739;686769740;297;
687181472;687181477;258;
687359007;687359008;249;
687628426;687628430;288;
687766028;687766031;262;
688097253;688097254;236;
688240003;688240004;244;
688273339;688273343;214;
688395740;688395744;211;
688433506;688433510;299;
688527055;688527057;209;
688663615;688663618;285;
688683294;688683296;249;
688815288;688815290;272;
689347661;689347662;267;
689370921;689370925;241;
689419912;689419914;274;
689496331;689496335;241;
689527332;689527334;203;
689529325;689529326;269;
689539542;689539547;221;
689696701;689696702;257;
689919118;689919119;219;
690131727;690131732;271;
690227271;690227272;282;
690266217;690266222;228;
690652830;690652833;257;
690672890;690672892;227;
691038779;691038780;256;
691126882;691126885;286;
691312041;691312044;222;
691346275;691346277;295;
691526993;691526995;293;
691540903;691540904;293;
691667242;691667247;203;
691832726;691832727;211;
691872984;691872985;273;
692010556;692010558;207;
692051278;692051281;274;
692370760;692370765;216;
692775004;692775005;254;
692838420;692838421;254;
693013964;693013965;299;
693121190;693121191;219;
693631917;693631922;271;
693846510;693846512;285;
693971492;693971493;265;
694133747;694133751;215;
694141358;694141362;233;
694302124;694302129;270;
694678719;694678722;213;
694708578;694708579;229;
694947090;694947093;238;
695327918;695327922;261;
695678983;695678988;298;
695686821;695686822;265;
695827810;695827812;230;
695862754;695862758;216;
695982345;695982348;261;
696112528;696112533;250;
696401567;696401570;204;
696815780;696815782;208;
697075014;697075019;273;
697117337;697117338;203;
697214162;697214164;279;
697296630;697296635;266;
697714214;697714219;300;
697971792;697971794;281;
698525371;698525374;294;
699309331;699309333;279;
699466204;699466206;238;
699679934;699679938;289;
700151968;700151969;223;
700498489;700498493;264;
700878404;700878407;276;
701041540;701041542;207;
701200947;701200950;238;
701243393;701243397;226;
701355707;701355710;242;
701591359;701591362;272;
701831985;701831987;298;
702337370;702337375;261;
702645442;702645445;262;
702655514;702655518;218;
702815554;702815557;299;
702919482;702919483;295;
703190002;703190006;281;
703224116;703224119;280;
703241681;703241684;292;
703458466;703458470;259;
704016260;704016265;211;
704142878;704142880;207;
704343514;704343517;221;
704478063;704478064;287;
704632055;704632059;204;
704879983;704879984;202;
704938754;704938758;297;
705341554;705341558;239;
705462891;705462892;219;
705641680;705641682;204;
706079055;706079057;238;
706127151;706127153;269;
706155298;706155300;290;
706162559;706162562;274;
706279625;706279626;275;
706502379;706502381;275;
706556392;706556397;210;
706827659;706827661;283;
706858446;706858451;278;
707204246;707204249;267;
707588707;707588709;242;
707614611;707614614;297;
707638548;707638553;260;
707843017;707843019;262;
708466375;708466380;201;
708759504;708759507;260;
709280419;709280421;203;
709556495;709556499;269;
709615239;709615244;274;
709640733;709640734;285;
709952173;709952174;297;
710076107;710076109;269;
710099285;710099288;215;
710272608;710272613;244;
710601418;710601422;265;
710667556;710667559;264;
711092906;711092908;224;
711171649;711171652;282;
711226370;711226374;240;
711485001;711485004;267;
711666360;711666362;285;
711841616;711841618;262;
711906093;711906095;207;
711915422;711915423;218;
712239655;712239658;280;
712439448;712439450;299;
712969768;712969769;234;
712987413;712987417;222;
713813114;713813118;267;
713955557;713955561;261;
713961121;713961124;228;
713994272;713994275;287;
714017718;714017720;216;
714070665;714070670;268;
714127785;714127788;240;
714355683;714355688;273;
715018684;715018688;202;
715152661;715152663;283;
715178439;715178444;207;
715183805;715183810;203;
715321296;715321299;262;
715473400;715473403;290;
715941284;715941286;270;
715985367;715985368;209;
715994477;715994481;275;
716245264;716245268;201;
716423481;716423482;219;
716462308;716462309;259;
716873194;716873196;269;
717214216;717214218;231;
717252549;717252550;221;
717543470;717543471;219;
717894523;717894526;220;
717971468;717971472;201;
718430391;718430394;268;
718463919;718463920;226;
718563551;718563555;216;
718711978;718711983;226;
718948423;718948428;295;
719375977;719375978;202;
719642177;719642178;239;
719769014;719769017;215;
719930150;719930153;268;
720276998;720277000;298;
720397315;720397319;232;
720463946;720463948;298;
720837650;720837651;261;
720869121;720869122;272;
720881291;720881293;291;
721243630;721243632;203;
721441623;721441628;235;
721740446;721740450;279;
721748221;721748224;230;
721927504;721927509;249;
722119969;722119971;257;
722225623;722225626;287;
722448895;722448898;212;
722725915;722725919;276;
722827528;722827529;236;
722888238;722888243;264;
722979141;722979144;206;
722983999;722984000;297;
723088417;723088421;231;
723354411;723354414;235;
723365005;723365006;288;
723554949;723554952;203;
723633801;723633802;289;
723635236;723635237;284;
723861190;723861192;253;
724171236;724171241;270;
724188521;724188524;219;
724390218;724390219;210;
724649408;724649412;225;
724804167;724804170;201;
724851582;724851584;273;
725078599;725078604;281;
725169362;725169365;293;
725286619;725286620;229;
725822957;725822961;218;
726229341;726229342;258;
726491956;726491959;245;
726526858;726526859;275;
726599171;726599173;266;
726688672;726688677;264;
726776975;726776978;249;
726888210;726888212;204;
726988224;726988228;242;
727065271;727065272;281;
727155801;727155803;273;
727275732;727275734;295;
727320525;727320528;288;
727500802;727500805;244;
727610672;727610677;215;
727704338;727704341;259;
727746952;727746956;296;
727960431;727960436;297;
728498915;728498918;230;
728499049;728499050;293;
728518303;728518305;288;
728877084;728877087;280;
729022227;729022229;297;
729892486;729892490;274;
730249503;730249506;252;
730495722;730495724;276;
730790572;730790576;205;
731014830;731014832;293;
731069154;731069157;225;
731321726;731321730;224;
731525366;731525370;209;
731538284;731538286;212;
731601470;731601474;254;
732090560;732090565;222;
732722237;732722242;208;
733230344;733230346;227;
733384247;733384248;283;
733501265;733501266;205;
733923300;733923303;263;
734416429;734416430;299;
734577605;734577608;240;
734652896;734652900;274;
734992264;734992265;206;
735201908;735201913;232;
735227694;735227698;209;
735371488;735371492;205;
735449652;735449654;236;
736493634;736493636;255;
736596134;736596135;296;
736607988;736607989;235;
736740751;736740753;283;
736892780;736892782;246;
737094193;737094194;270;
737244161;737244165;278;
737399616;737399621;247;
737499949;737499952;267;
737513702;737513703;253;
737575467;737575469;292;
737613300;737613303;224;
737702475;737702476;218;
737782723;737782726;261;
738174991;738174995;228;
738348793;738348795;202;
738691879;738691882;284;
738731016;738731017;249;
738822803;738822804;285;
739051771;739051772;205;
739271778;739271780;293;
739358894;739358896;238;
739369850;739369853;233;
739469701;739469706;272;
739478942;739478945;287;
739559237;739559241;294;
739995900;739995902;247;
740103953;740103956;235;
740253922;740253927;298;
740266773;740266776;232;
740322339;740322341;270;
740916458;740916463;227;
740987262;740987267;247;
741065957;741065958;277;
741584221;741584223;239;
741767101;741767102;294;
742037204;742037209;263;
742128030;742128032;234;
742430116;742430120;217;
742464120;742464122;259;
742775415;742775420;284;
743103644;743103645;214;
743245752;743245755;259;
743631430;743631435;270;
743726983;743726988;293;
744527173;744527176;204;
744565906;744565910;242;
744586308;744586311;283;
744627855;744627857;239;
745118493;745118497;288;
745879774;745879777;270;
746237279;746237283;256;
746312899;746312903;300;
746378824;746378825;245;
746664379;746664382;215;
746887792;746887796;225;
747260782;747260783;222;
747345980;747345981;243;
747363181;747363183;221;
747721654;747721657;285;
747914827;747914831;261;
748126322;748126323;286;
748202698;748202702;237;
748914644;748914647;206;
748952945;748952946;261;
748993303;748993305;254;
749126391;749126394;270;
749132468;749132471;298;
749455637;749455642;223;
749684798;749684803;269;
749737676;749737681;215;
749759317;749759321;226;
749930791;749930796;272;
750018600;750018605;241;
750330847;750330849;263;
750466955;750466956;218;
750576394;750576396;293;
750583601;750583602;245;
751085763;751085767;209;
751121105;751121110;286;
751164167;751164170;249;
751439202;751439207;265;
751449147;751449151;278;
751995270;751995274;234;
752054568;752054570;276;
752223217;752223218;259;
752531312;752531313;221;
752703198;752703202;241;
752836420;752836425;234;
753067863;753067868;291;
753138865;753138867;248;
753669459;753669461;253;
753830855;753830859;215;
754616959;754616963;202;
754945043;754945047;246;
755091960;755091965;242;
755202239;755202244;241;
755224243;755224244;221;
755315639;755315642;249;
755686223;755686225;273;
755712970;755712975;249;
755907696;755907698;282;
756024248;756024253;299;
756041976;756041979;297;
756671591;756671594;251;
756803020;756803022;212;
756896114;756896115;247;
757275499;757275502;233;
757435352;757435357;236;
757977128;757977129;221;
757997000;757997003;202;
758598601;758598603;256;
758655001;758655002;248;
758959909;758959911;246;
759030543;759030548;282;
759404757;759404761;240;
759592330;759592332;205;
759798984;759798989;204;
759872768;759872772;251;
759910349;759910354;213;
760086281;760086284;226;
760904484;760904485;221;
761488410;761488411;276;
761863080;761863081;247;
762055747;762055750;292;
762117158;762117161;211;
762175171;762175174;252;
762361996;762362001;254;
762573222;762573225;265;
762624883;762624885;202;
763011156;763011158;293;
763344388;763344393;289;
763629467;763629471;201;
763655303;763655307;275;
763772486;763772490;205;
763888759;763888764;227;
764015788;764015793;261;
764526008;764526011;248;
764946276;764946278;206;
765329351;765329352;244;
765382982;765382987;225;
765466251;765466256;262;
765536147;765536151;297;
765702139;765702143;288;
765878222;765878227;232;
766006041;766006042;245;
766261106;766261107;291;
766619931;766619932;208;
766641485;766641490;247;
766806312;766806314;281;
766913825;766913826;221;
767384168;767384172;240;
767539787;767539791;294;
767617787;767617790;213;
767737343;767737348;205;
768294484;768294489;284;
768415772;768415773;226;
768504593;768504595;253;
768577629;768577634;294;
768625676;768625677;222;
768677483;768677485;216;
769025930;769025932;219;
769169673;769169676;252;
769610915;769610919;295;
769716315;769716318;250;
770092009;770092014;232;
770231676;770231680;300;
770325809;770325813;260;
771015713;771015716;261;
771028992;771028995;236;
771802843;771802846;209;
771865977;771865978;296;
772093491;772093494;203;
772684719;772684723;203;
772723542;772723545;202;
772737802;772737804;295;
772981068;772981069;284;
773167506;773167507;246;
773223566;773223569;273;
773416563;773416566;217;
773592043;773592044;276;
774023031;774023032;209;
774201816;774201818;261;
774310250;774310251;255;
774463498;774463503;209;
774528257;774528261;270;
774764497;774764499;279;
775086615;775086617;214;
775141727;775141732;291;
775357353;775357357;227;
775377865;775377869;243;
775586358;775586363;209;
775634747;775634752;242;
775673575;775673579;257;
776146632;776146634;221;
776164522;776164525;296;
776352643;776352647;258;
776438038;776438039;237;
776916224;776916229;204;
777151208;777151209;211;
777168105;777168107;274;
777646783;777646787;213;
777691313;777691317;275;
777758568;777758569;273;
778385339;778385342;242;
778573881;778573882;270;
778685375;778685378;249;
779061864;779061869;232;
779155558;779155562;250;
779213270;779213275;235;
779942484;779942486;231;
779997534;779997537;273;
780023010;780023011;262;
780451334;780451337;251;
780844488;780844492;268;
780947963;780947965;263;
781305163;781305167;240;
781435801;781435805;242;
781610319;781610320;207;
781660826;781660827;251;
781915711;781915716;238;
782034851;782034854;221;
782118264;782118268;288;
782176884;782176888;212;
782215586;782215590;204;
782363622;782363623;237;
782394077;782394078;298;
782625350;782625354;230;
782877925;782877926;256;
782934370;782934371;221;
783197409;783197414;296;
783307143;783307144;297;
783334059;783334063;282;
783391928;783391930;248;
783462339;783462341;269;
783622879;783622882;252;
783645322;783645327;210;
783720718;783720720;212;
783746756;783746759;236;
783942451;783942454;240;
783953541;783953544;253;
784002560;784002562;260;
784275082;784275083;297;
784342581;784342585;240;
784590486;784590487;244;
784865032;784865037;296;
784913895;784913896;257;
785225585;785225588;207;
785836495;785836499;227;
785973582;785973587;225;
786058506;786058507;235;
786093729;786093734;283;
786131301;786131303;253;
786269138;786269139;260;
786467484;786467489;257;
786804250;786804253;278;
786906497;786906502;217;
787128612;787128615;270;
787297816;787297817;208;
787608269;787608270;260;
787899415;787899420;297;
788113612;788113613;280;
788217457;788217460;246;
788413104;788413107;265;
789305506;789305511;281;
789493495;789493500;281;
789560871;789560874;296;
789869592;789869597;271;
790161210;790161211;222;
790541732;790541735;290;
790564746;790564749;293;
790669086;790669091;221;
790737379;790737381;254;
791005716;791005719;208;
791053267;791053271;251;
791690504;791690508;280;
791714490;791714493;266;
791758993;791758994;272;
792115747;792115751;223;
792157669;792157670;210;
792301599;792301602;234;
792360149;792360154;244;
792538956;792538960;232;
793116598;793116602;262;
793410029;793410030;266;
793616499;793616503;252;
794536357;794536362;206;
794829835;794829840;213;
794844550;794844554;233;
795056637;795056639;261;
795086587;795086589;218;
795226860;795226863;295;
795618948;795618952;256;
796243406;796243407;289;
796597555;796597558;298;
796947011;796947014;290;
797250969;797250971;228;
797606329;797606330;271;
797637189;797637194;205;
797933745;797933748;292;
797980540;797980545;279;
798088566;798088567;218;
798133789;798133793;224;
798480342;798480346;236;
